%YAML:1.0
calibration_time: "Mon Mar  2 22:32:32 2015"
nframes: 10
image_width: 640
image_height: 480
board_width: 9
board_height: 6
square_size: 1.
flags: 0
camera_matrix: !!opencv-matrix
   rows: 3
   cols: 3
   dt: d
   data: [ 5.8502754422815985e+02, 0., 3.2447597162236769e+02, 0.,
       5.8109926033388865e+02, 2.1751890099720927e+02, 0., 0., 1. ]
distortion_coefficients: !!opencv-matrix
   rows: 5
   cols: 1
   dt: d
   data: [ 1.0117363831253516e-01, -4.0361676835485966e-01,
       -2.6626041793988598e-03, -5.3685989114722141e-03,
       6.2306572931902870e-01 ]
avg_reprojection_error: 1.2620894886113868e-01
per_view_reprojection_errors: !!opencv-matrix
   rows: 10
   cols: 1
   dt: f
   data: [ 1.08276688e-01, 1.31844610e-01, 1.36849791e-01,
       1.29710987e-01, 9.59097892e-02, 1.11559354e-01, 1.33611023e-01,
       1.44111738e-01, 1.20738141e-01, 1.40660450e-01 ]
# a set of 6-tuples (rotation vector + translation vector) for each view
extrinsic_parameters: !!opencv-matrix
   rows: 10
   cols: 6
   dt: d
   data: [ 2.2549634892467030e-02, 2.0358277063706267e-02,
       -7.4278298825420537e-03, -2.5393841578019489e+00,
       -2.8673002226598219e+00, 2.2686136734789947e+01,
       9.2951032728893958e-03, 1.6499071618487477e-02,
       -8.7425661618816645e-03, -2.8536731811028453e+00,
       -2.6004165070720182e+00, 2.2824257717930045e+01,
       -3.5945888030300709e-03, 9.0248564187128666e-04,
       -6.5790071260675856e-03, -3.1854801184758363e+00,
       -2.2807007751911810e+00, 2.2891592645212530e+01,
       -1.1687773054866587e-02, -8.8867669565154059e-03,
       -8.0161593459569646e-03, -3.4989011832211419e+00,
       -2.0969483838931353e+00, 2.2914180769545140e+01,
       -5.1628360678171038e-02, 1.7327923354335278e-02,
       -1.9168458318780401e-03, -1.4115971253024935e+00,
       -6.5627791304680350e-01, 2.2869473202901084e+01,
       -5.3351485848378628e-02, 1.4900876018452164e-02,
       4.9730396478152661e-03, -1.0306209058171443e+00,
       -1.9914356349960627e-01, 2.2884890788116660e+01,
       -1.3809813410369392e-02, -9.0618541055657600e-02,
       1.5592707455873635e-02, -3.9934725714602854e+00,
       -1.4974032158765562e+00, 2.2319867762919511e+01,
       2.3557522486902685e-03, -1.7732545772999994e-01,
       2.0769717335556600e-02, -6.3745147903886856e+00,
       -2.0990253595619008e+00, 2.1798628365344328e+01,
       3.2921690350698300e-02, -2.7258883298810632e-01,
       2.2828483429980756e-02, -8.7509249761595349e+00,
       -3.0664923885387951e+00, 2.0753449710923622e+01,
       3.6107657012350025e-02, -3.0053194317250620e-01,
       2.8075043632381832e-02, -9.4356228803171458e+00,
       -3.2903914200828419e+00, 2.0386845704061827e+01 ]
image_points: !!opencv-matrix
   rows: 10
   cols: 54
   dt: "2f"
   data: [ 2.58685638e+02, 1.43624344e+02, 2.84638611e+02,
       1.43616531e+02, 3.10513763e+02, 1.43469345e+02, 3.36422485e+02,
       1.43203873e+02, 3.62381134e+02, 1.42890167e+02, 3.88245575e+02,
       1.42607330e+02, 4.14420074e+02, 1.42382553e+02, 4.40459564e+02,
       1.42029572e+02, 4.66575928e+02, 1.41628448e+02, 2.59075500e+02,
       1.69445175e+02, 2.84957581e+02, 1.69395279e+02, 3.10585846e+02,
       1.69213867e+02, 3.36554993e+02, 1.68945068e+02, 3.62438721e+02,
       1.68674835e+02, 3.88315948e+02, 1.68505020e+02, 4.14391510e+02,
       1.68305710e+02, 4.40458679e+02, 1.67893280e+02, 4.66519257e+02,
       1.67609482e+02, 2.59384338e+02, 1.95218430e+02, 2.85248627e+02,
       1.95081039e+02, 3.10764252e+02, 1.94828552e+02, 3.36649750e+02,
       1.94634720e+02, 3.62529694e+02, 1.94485260e+02, 3.88383331e+02,
       1.94345734e+02, 4.14391541e+02, 1.94008713e+02, 4.40416138e+02,
       1.93671265e+02, 4.66497040e+02, 1.93467316e+02, 2.59572815e+02,
       2.20893265e+02, 2.85407440e+02, 2.20705566e+02, 3.11013428e+02,
       2.20604263e+02, 3.36813385e+02, 2.20461823e+02, 3.62612732e+02,
       2.20316269e+02, 3.88498199e+02, 2.20000427e+02, 4.14486755e+02,
       2.19682816e+02, 4.40497375e+02, 2.19562119e+02, 4.66474670e+02,
       2.19366684e+02, 2.59793427e+02, 2.46540833e+02, 2.85562561e+02,
       2.46377747e+02, 3.11302002e+02, 2.46175522e+02, 3.37044525e+02,
       2.45835526e+02, 3.62768555e+02, 2.45639221e+02, 3.88583832e+02,
       2.45513611e+02, 4.14637756e+02, 2.45405396e+02, 4.40561584e+02,
       2.45246063e+02, 4.66523285e+02, 2.44964539e+02, 2.60142731e+02,
       2.72152679e+02, 2.85755615e+02, 2.71679932e+02, 3.11413239e+02,
       2.71544800e+02, 3.37290863e+02, 2.71412872e+02, 3.63009064e+02,
       2.71350586e+02, 3.88709442e+02, 2.71198914e+02, 4.14776062e+02,
       2.71034637e+02, 4.40672394e+02, 2.70793976e+02, 4.66592743e+02,
       2.70660309e+02, 2.50865952e+02, 1.50893829e+02, 2.76664001e+02,
       1.50923019e+02, 3.02405334e+02, 1.50720871e+02, 3.28248810e+02,
       1.50515442e+02, 3.53911865e+02, 1.50252487e+02, 3.79635834e+02,
       1.49693329e+02, 4.05605835e+02, 1.49420639e+02, 4.31510071e+02,
       1.49203293e+02, 4.57420532e+02, 1.48779373e+02, 2.51356750e+02,
       1.76565903e+02, 2.77274139e+02, 1.76521393e+02, 3.02555573e+02,
       1.76323532e+02, 3.28421478e+02, 1.75893173e+02, 3.54147675e+02,
       1.75590698e+02, 3.79774658e+02, 1.75407776e+02, 4.05686401e+02,
       1.75144638e+02, 4.31589996e+02, 1.74805740e+02, 4.57439484e+02,
       1.74599060e+02, 2.51603134e+02, 2.02080765e+02, 2.77468414e+02,
       2.01782410e+02, 3.02841217e+02, 2.01575821e+02, 3.28552185e+02,
       2.01399994e+02, 3.54329803e+02, 2.01216034e+02, 3.79939484e+02,
       2.00997055e+02, 4.05762207e+02, 2.00709595e+02, 4.31627228e+02,
       2.00543442e+02, 4.57512085e+02, 2.00362976e+02, 2.51810318e+02,
       2.27583679e+02, 2.77620117e+02, 2.27409042e+02, 3.03274994e+02,
       2.27286743e+02, 3.28819580e+02, 2.27037552e+02, 3.54444336e+02,
       2.26773621e+02, 3.80264984e+02, 2.26630478e+02, 4.06045685e+02,
       2.26464569e+02, 4.31789001e+02, 2.26343521e+02, 4.57575531e+02,
       2.25987839e+02, 2.52084885e+02, 2.53211609e+02, 2.77837219e+02,
       2.52866302e+02, 3.03492676e+02, 2.52688431e+02, 3.29190002e+02,
       2.52557541e+02, 3.54658234e+02, 2.52410568e+02, 3.80377533e+02,
       2.52235153e+02, 4.06320068e+02, 2.51865356e+02, 4.32017395e+02,
       2.51623154e+02, 4.57730286e+02, 2.51480743e+02, 2.52277924e+02,
       2.78739288e+02, 2.78127502e+02, 2.78481689e+02, 3.03634552e+02,
       2.78320709e+02, 3.29431519e+02, 2.78009674e+02, 3.54980743e+02,
       2.77749664e+02, 3.80534973e+02, 2.77568604e+02, 4.06484009e+02,
       2.77434021e+02, 4.32263977e+02, 2.77245850e+02, 4.57964081e+02,
       2.76935089e+02, 2.42627136e+02, 1.59339462e+02, 2.68504456e+02,
       1.59437851e+02, 2.94048706e+02, 1.59368530e+02, 3.19576782e+02,
       1.59057678e+02, 3.45352173e+02, 1.58791412e+02, 3.70818787e+02,
       1.58581482e+02, 3.96614868e+02, 1.58385208e+02, 4.22249664e+02,
       1.58280304e+02, 4.47647278e+02, 1.57925308e+02, 2.42823059e+02,
       1.84657516e+02, 2.68677612e+02, 1.84637360e+02, 2.94287567e+02,
       1.84531433e+02, 3.19773590e+02, 1.84401276e+02, 3.45426422e+02,
       1.84277084e+02, 3.70972260e+02, 1.84049759e+02, 3.96654938e+02,
       1.83782761e+02, 4.22353485e+02, 1.83605408e+02, 4.47674805e+02,
       1.83494156e+02, 2.43119812e+02, 2.10237595e+02, 2.68837189e+02,
       2.10102905e+02, 2.94429718e+02, 2.09921112e+02, 3.19998383e+02,
       2.09686783e+02, 3.45528656e+02, 2.09589264e+02, 3.71145355e+02,
       2.09502701e+02, 3.96711090e+02, 2.09379089e+02, 4.22397827e+02,
       2.09237503e+02, 4.47794495e+02, 2.09007812e+02, 2.43269516e+02,
       2.35739761e+02, 2.69081543e+02, 2.35612732e+02, 2.94538147e+02,
       2.35513092e+02, 3.20286713e+02, 2.35391586e+02, 3.45636261e+02,
       2.35260956e+02, 3.71368561e+02, 2.35067322e+02, 3.96976807e+02,
       2.34793610e+02, 4.22555969e+02, 2.34686356e+02, 4.47985504e+02,
       2.34565826e+02, 2.43399002e+02, 2.61405701e+02, 2.69216431e+02,
