%YAML:1.0
calibration_time: "Fri 03 Apr 2015 01:32:17 PM CDT"
image_width: 640
image_height: 480
board_width: 9
board_height: 6
square_size: 1.
flags: 0
camera_matrix: !!opencv-matrix
   rows: 3
   cols: 3
   dt: d
   data: [ 6.1155205538655946e+02, 0., 3.2881821043753524e+02, 0.,
       6.1283295419095612e+02, 2.3010984085444923e+02, 0., 0., 1. ]
distortion_coefficients: !!opencv-matrix
   rows: 5
   cols: 1
   dt: d
   data: [ 7.9121070722710685e-02, 8.9727781922597560e-02,
       -6.4633286080963386e-04, -6.8987140205978141e-04,
       -8.4346552936971331e-01 ]
avg_reprojection_error: 3.4116766519053837e-01
image_points: !!opencv-matrix
   rows: 10
   cols: 54
   dt: "2f"
   data: [ 2.10628540e+02, 5.37661247e+01, 2.38044250e+02,
       5.34119759e+01, 2.65453552e+02, 5.29020042e+01, 2.92950836e+02,
       5.24924622e+01, 3.20216400e+02, 5.17309456e+01, 3.47431580e+02,
       5.10495682e+01, 3.74417053e+02, 5.03827400e+01, 4.01451263e+02,
       4.96999474e+01, 4.28599915e+02, 4.90509911e+01, 2.11640228e+02,
       8.16221619e+01, 2.39144043e+02, 8.13093338e+01, 2.66454681e+02,
       8.06372604e+01, 2.93720123e+02, 8.00184174e+01, 3.21207550e+02,
       7.93469315e+01, 3.48071899e+02, 7.86588898e+01, 3.75208557e+02,
       7.79807053e+01, 4.02354858e+02, 7.72950516e+01, 4.29270813e+02,
       7.63961639e+01, 2.12428711e+02, 1.09197571e+02, 2.40212555e+02,
       1.08644531e+02, 2.67323486e+02, 1.08167145e+02, 2.94744965e+02,
       1.07566383e+02, 3.21854248e+02, 1.06863853e+02, 3.48643402e+02,
       1.06237617e+02, 3.75830811e+02, 1.05373756e+02, 4.02897888e+02,
       1.04639839e+02, 4.29677032e+02, 1.03829063e+02, 2.13646484e+02,
       1.36813004e+02, 2.41010849e+02, 1.36404083e+02, 2.68340118e+02,
       1.35644806e+02, 2.95617584e+02, 1.34816544e+02, 3.22558380e+02,
       1.34287308e+02, 3.49539368e+02, 1.33584305e+02, 3.76642975e+02,
       1.32747955e+02, 4.03497742e+02, 1.31863312e+02, 4.30390533e+02,
       1.31211716e+02, 2.14590927e+02, 1.64264481e+02, 2.41905258e+02,
       1.63503204e+02, 2.69273895e+02, 1.62821182e+02, 2.96459869e+02,
       1.62301041e+02, 3.23525208e+02, 1.61419830e+02, 3.50503052e+02,
       1.60566513e+02, 3.77341156e+02, 1.59869095e+02, 4.04302399e+02,
       1.59164307e+02, 4.31263397e+02, 1.58219269e+02, 2.15502747e+02,
       1.91613419e+02, 2.43011765e+02, 1.90825058e+02, 2.70012756e+02,
       1.90126251e+02, 2.97416473e+02, 1.89324646e+02, 3.24486877e+02,
       1.88619522e+02, 3.51195953e+02, 1.87690277e+02, 3.78121246e+02,
       1.86850693e+02, 4.05107391e+02, 1.86197952e+02, 4.31913757e+02,
       1.85445023e+02, 2.10631134e+02, 5.37680550e+01, 2.38039642e+02,
       5.33908081e+01, 2.65455963e+02, 5.28918533e+01, 2.92949036e+02,
       5.24824867e+01, 3.20218262e+02, 5.17300797e+01, 3.47436249e+02,
       5.09885521e+01, 3.74413300e+02, 5.03822632e+01, 4.01455139e+02,
       4.96948662e+01, 4.28607361e+02, 4.90361862e+01, 2.11631622e+02,
       8.16187057e+01, 2.39128540e+02, 8.12850113e+01, 2.66455994e+02,
       8.06315613e+01, 2.93716827e+02, 7.99866562e+01, 3.21198181e+02,
       7.93399582e+01, 3.48072937e+02, 7.86564178e+01, 3.75195770e+02,
       7.79860535e+01, 4.02368927e+02, 7.72826157e+01, 4.29263672e+02,
       7.64076843e+01, 2.12429810e+02, 1.09171959e+02, 2.40207611e+02,
       1.08645477e+02, 2.67316010e+02, 1.08158150e+02, 2.94735229e+02,
       1.07554749e+02, 3.21853973e+02, 1.06862473e+02, 3.48643646e+02,
       1.06241829e+02, 3.75821167e+02, 1.05365234e+02, 4.02883148e+02,
       1.04638947e+02, 4.29691742e+02, 1.03817596e+02, 2.13638123e+02,
       1.36797485e+02, 2.40998795e+02, 1.36395020e+02, 2.68335571e+02,
       1.35640244e+02, 2.95624084e+02, 1.34794006e+02, 3.22555603e+02,
       1.34290985e+02, 3.49531250e+02, 1.33594193e+02, 3.76649628e+02,
       1.32740005e+02, 4.03489410e+02, 1.31852386e+02, 4.30395386e+02,
       1.31196701e+02, 2.14591721e+02, 1.64249222e+02, 2.41905365e+02,
       1.63490494e+02, 2.69269867e+02, 1.62805618e+02, 2.96457062e+02,
       1.62283569e+02, 3.23531860e+02, 1.61397659e+02, 3.50498901e+02,
       1.60561493e+02, 3.77353821e+02, 1.59855576e+02, 4.04300812e+02,
       1.59147766e+02, 4.31257019e+02, 1.58208115e+02, 2.15493027e+02,
       1.91608566e+02, 2.43037643e+02, 1.90805023e+02, 2.70013702e+02,
       1.90099442e+02, 2.97408295e+02, 1.89319122e+02, 3.24480835e+02,
       1.88612625e+02, 3.51205444e+02, 1.87690765e+02, 3.78123383e+02,
       1.86839951e+02, 4.05097809e+02, 1.86184189e+02, 4.31917938e+02,
       1.85437881e+02, 2.10626816e+02, 5.37550163e+01, 2.38034103e+02,
       5.33897858e+01, 2.65456451e+02, 5.28748322e+01, 2.92962036e+02,
       5.24815636e+01, 3.20215332e+02, 5.17123566e+01, 3.47434570e+02,
       5.10420876e+01, 3.74423523e+02, 5.03749847e+01, 4.01453918e+02,
       4.96906319e+01, 4.28608154e+02, 4.90548286e+01, 2.11625137e+02,
       8.16090698e+01, 2.39135162e+02, 8.12813797e+01, 2.66456909e+02,
       8.06242828e+01, 2.93736847e+02, 7.99946365e+01, 3.21200348e+02,
       7.93485718e+01, 3.48078949e+02, 7.86588516e+01, 3.75213165e+02,
       7.79569016e+01, 4.02376556e+02, 7.72747421e+01, 4.29275177e+02,
       7.63711472e+01, 2.12431107e+02, 1.09163109e+02, 2.40216522e+02,
       1.08625267e+02, 2.67313934e+02, 1.08153557e+02, 2.94745209e+02,
       1.07561592e+02, 3.21840424e+02, 1.06844070e+02, 3.48638489e+02,
       1.06213402e+02, 3.75833374e+02, 1.05355537e+02, 4.02898346e+02,
       1.04632439e+02, 4.29675568e+02, 1.03803520e+02, 2.13631119e+02,
       1.36805496e+02, 2.41034317e+02, 1.36391922e+02, 2.68339233e+02,
       1.35644653e+02, 2.95620697e+02, 1.34792053e+02, 3.22555298e+02,
       1.34279755e+02, 3.49522064e+02, 1.33581696e+02, 3.76640503e+02,
       1.32743027e+02, 4.03496429e+02, 1.31844284e+02, 4.30394043e+02,
       1.31206207e+02, 2.14598816e+02, 1.64252472e+02, 2.41920914e+02,
       1.63490814e+02, 2.69279266e+02, 1.62803223e+02, 2.96462189e+02,
       1.62269455e+02, 3.23532196e+02, 1.61392685e+02, 3.50504333e+02,
       1.60559921e+02, 3.77358154e+02, 1.59849365e+02, 4.04313446e+02,
       1.59132416e+02, 4.31256653e+02, 1.58207794e+02, 2.15509247e+02,
       1.91608810e+02, 2.43000732e+02, 1.90803513e+02, 2.70001953e+02,
       1.90061127e+02, 2.97409515e+02, 1.89307785e+02, 3.24490723e+02,
       1.88615051e+02, 3.51197815e+02, 1.87679688e+02, 3.78127472e+02,
       1.86834473e+02, 4.05099670e+02, 1.86181091e+02, 4.31919678e+02,
       1.85428131e+02, 2.10638382e+02, 5.37704277e+01, 2.38028961e+02,
       5.34046402e+01, 2.65452911e+02, 5.29042740e+01, 2.92951447e+02,
       5.24877968e+01, 3.20215576e+02, 5.17283745e+01, 3.47431641e+02,
       5.10551300e+01, 3.74409790e+02, 5.03839493e+01, 4.01454559e+02,
       4.97045898e+01, 4.28601898e+02, 4.90513878e+01, 2.11628525e+02,
       8.16084213e+01, 2.39127289e+02, 8.12852478e+01, 2.66459167e+02,
       8.06328812e+01, 2.93722717e+02, 8.00235977e+01, 3.21187347e+02,
       7.93493042e+01, 3.48085663e+02, 7.86597137e+01, 3.75196686e+02,
       7.79605484e+01, 4.02364319e+02, 7.72885590e+01, 4.29262177e+02,
       7.63787537e+01, 2.12427521e+02, 1.09198662e+02, 2.40203445e+02,
       1.08651566e+02, 2.67306335e+02, 1.08174126e+02, 2.94727142e+02,
       1.07561417e+02, 3.21840790e+02, 1.06866386e+02, 3.48652466e+02,
       1.06239998e+02, 3.75822601e+02, 1.05363106e+02, 4.02891144e+02,
       1.04646095e+02, 4.29683746e+02, 1.03827301e+02, 2.13632797e+02,
       1.36816910e+02, 2.40999100e+02, 1.36400116e+02, 2.68331970e+02,
       1.35647278e+02, 2.95620483e+02, 1.34804230e+02, 3.22565857e+02,
       1.34288162e+02, 3.49525665e+02, 1.33585007e+02, 3.76641296e+02,
       1.32752182e+02, 4.03481232e+02, 1.31842255e+02, 4.30401825e+02,
       1.31208450e+02, 2.14593475e+02, 1.64265152e+02, 2.41910034e+02,
       1.63503250e+02, 2.69279266e+02, 1.62806503e+02, 2.96462616e+02,
       1.62283676e+02, 3.23523529e+02, 1.61411469e+02, 3.50508636e+02,
       1.60558212e+02, 3.77338501e+02, 1.59864670e+02, 4.04306641e+02,
