%YAML:1.0
calibration_time: "Fri 03 Apr 2015 03:16:02 PM CDT"
image_width: 640
image_height: 480
board_width: 9
board_height: 6
square_size: 1.
flags: 0
camera_matrix: !!opencv-matrix
   rows: 3
   cols: 3
   dt: d
   data: [ 6.8100500770777353e+02, 0., 2.9320751330011490e+02, 0.,
       6.8259241406747412e+02, 2.8669830989372991e+02, 0., 0., 1. ]
distortion_coefficients: !!opencv-matrix
   rows: 5
   cols: 1
   dt: d
   data: [ 4.9533316988786574e-01, -5.8337702568642484e+00,
       4.0977255404022278e-02, -2.6188875594969949e-02,
       2.8636209168277045e+01 ]
avg_reprojection_error: 1.8720815441880410e+00
image_points: !!opencv-matrix
   rows: 10
   cols: 54
   dt: "2f"
   data: [ 1.37765823e+02, 1.01451706e+02, 1.77191147e+02,
       1.04758873e+02, 2.13883453e+02, 1.07901756e+02, 2.48567352e+02,
       1.10840858e+02, 2.80785156e+02, 1.13558220e+02, 3.10713684e+02,
       1.15983513e+02, 3.39283783e+02, 1.18372581e+02, 3.65724518e+02,
       1.20339539e+02, 3.91099854e+02, 1.22442627e+02, 1.39663239e+02,
       1.41480301e+02, 1.78953796e+02, 1.43330795e+02, 2.15570297e+02,
       1.45207626e+02, 2.50321976e+02, 1.46697189e+02, 2.82224121e+02,
       1.48257217e+02, 3.12401825e+02, 1.49514221e+02, 3.40469727e+02,
       1.50792603e+02, 3.66879517e+02, 1.52029068e+02, 3.91978424e+02,
       1.53093338e+02, 1.41416534e+02, 1.82025299e+02, 1.79878860e+02,
       1.82569672e+02, 2.16437744e+02, 1.83001389e+02, 2.50542038e+02,
       1.83369385e+02, 2.82387177e+02, 1.83620453e+02, 3.12235779e+02,
       1.83878510e+02, 3.40439972e+02, 1.84200974e+02, 3.66883026e+02,
       1.84368393e+02, 3.91953583e+02, 1.84545319e+02, 1.42114563e+02,
       2.22312027e+02, 1.80788895e+02, 2.21336044e+02, 2.16983597e+02,
       2.20546097e+02, 2.51398026e+02, 2.19577621e+02, 2.82781097e+02,
       2.18689575e+02, 3.12608368e+02, 2.18037354e+02, 3.40491577e+02,
       2.17381393e+02, 3.67197205e+02, 2.16549820e+02, 3.92066223e+02,
       2.15824493e+02, 1.42898300e+02, 2.62043365e+02, 1.81505219e+02,
       2.59601288e+02, 2.17721008e+02, 2.57564453e+02, 2.51586700e+02,
       2.55471619e+02, 2.83139618e+02, 2.53403824e+02, 3.12617157e+02,
       2.51688004e+02, 3.40624908e+02, 2.50068207e+02, 3.67160004e+02,
       2.48388519e+02, 3.92190643e+02, 2.47001663e+02, 1.43481079e+02,
       3.00664246e+02, 1.82114227e+02, 2.96845795e+02, 2.18081848e+02,
       2.93512726e+02, 2.51996277e+02, 2.90332733e+02, 2.83532074e+02,
       2.87301758e+02, 3.12958008e+02, 2.84491364e+02, 3.41120026e+02,
       2.81799164e+02, 3.67471252e+02, 2.79317841e+02, 3.92445496e+02,
       2.77016144e+02, 2.08460312e+02, 1.56461197e+02, 2.41946136e+02,
       1.56687225e+02, 2.75159668e+02, 1.56844406e+02, 3.08047577e+02,
       1.56979736e+02, 3.40454559e+02, 1.57109818e+02, 3.72258362e+02,
       1.57093887e+02, 4.04029663e+02, 1.57228439e+02, 4.35341248e+02,
       1.57218063e+02, 4.66474762e+02, 1.57222504e+02, 2.08899155e+02,
       1.90066635e+02, 2.42530609e+02, 1.90047989e+02, 2.75472260e+02,
       1.89975113e+02, 3.08420013e+02, 1.89872421e+02, 3.40564728e+02,
       1.89728363e+02, 3.72461945e+02, 1.89661911e+02, 4.04139343e+02,
       1.89512741e+02, 4.35454132e+02, 1.89422150e+02, 4.66478424e+02,
       1.89274323e+02, 2.09455032e+02, 2.23582550e+02, 2.42896576e+02,
       2.23373810e+02, 2.75899048e+02, 2.23023926e+02, 3.08649414e+02,
       2.22681198e+02, 3.40917328e+02, 2.22429596e+02, 3.72538086e+02,
       2.22121033e+02, 4.04313904e+02, 2.21725098e+02, 4.35516296e+02,
       2.21469696e+02, 4.66582581e+02, 2.21275391e+02, 2.09872131e+02,
       2.56986664e+02, 2.43429901e+02, 2.56399475e+02, 2.76231537e+02,
       2.55918564e+02, 3.09218658e+02, 2.55532150e+02, 3.41301636e+02,
       2.54940384e+02, 3.72963226e+02, 2.54525681e+02, 4.04430603e+02,
       2.54046112e+02, 4.35763306e+02, 2.53549225e+02, 4.66717804e+02,
       2.53199829e+02, 2.11700027e+02, 2.90023438e+02, 2.44863266e+02,
       2.89292145e+02, 2.77745728e+02, 2.88499939e+02, 3.10362396e+02,
       2.87868225e+02, 3.42399963e+02, 2.87373291e+02, 3.73988556e+02,
       2.86699371e+02, 4.05619995e+02, 2.86266052e+02, 4.36951477e+02,
       2.85552979e+02, 4.68082153e+02, 2.85225372e+02, 2.12019714e+02,
       3.22958557e+02, 2.45319702e+02, 3.22111908e+02, 2.77978058e+02,
       3.21184265e+02, 3.10613983e+02, 3.20338226e+02, 3.42639984e+02,
       3.19562836e+02, 3.74334778e+02, 3.18856598e+02, 4.05931824e+02,
       3.18234192e+02, 4.37277924e+02, 3.17517944e+02, 4.68368011e+02,
       3.17087799e+02, 2.04520081e+02, 1.31371948e+02, 2.36114136e+02,
       1.32766434e+02, 2.68267303e+02, 1.34034729e+02, 3.01394897e+02,
       1.35307739e+02, 3.34905457e+02, 1.36448547e+02, 3.69129639e+02,
       1.37478409e+02, 4.04399872e+02, 1.38575424e+02, 4.40329376e+02,
       1.40050766e+02, 4.77493469e+02, 1.41183624e+02, 2.06212906e+02,
       1.65206406e+02, 2.37550140e+02, 1.66611847e+02, 2.69245422e+02,
       1.68330627e+02, 3.01777161e+02, 1.69717987e+02, 3.34953217e+02,
       1.71382034e+02, 3.68688995e+02, 1.72787247e+02, 4.03475159e+02,
       1.74437790e+02, 4.39395935e+02, 1.75966751e+02, 4.75958649e+02,
       1.77519135e+02, 2.04549225e+02, 1.98068802e+02, 2.36019943e+02,
       2.00040558e+02, 2.67544128e+02, 2.01752029e+02, 3.00076050e+02,
       2.03692596e+02, 3.33219574e+02, 2.05713455e+02, 3.66700867e+02,
       2.07462570e+02, 4.01471191e+02, 2.09551224e+02, 4.37137970e+02,
       2.11607834e+02, 4.73618469e+02, 2.13551865e+02, 2.03373886e+02,
       2.31006165e+02, 2.34587601e+02, 2.33138809e+02, 2.65996277e+02,
       2.35431076e+02, 2.98464539e+02, 2.37705933e+02, 3.31356171e+02,
       2.39775360e+02, 3.64994171e+02, 2.42159531e+02, 3.99511200e+02,
       2.44537415e+02, 4.35044159e+02, 2.47100372e+02, 4.71456299e+02,
       2.49627060e+02, 2.01963211e+02, 2.65286591e+02, 2.33255280e+02,
       2.67370514e+02, 2.65303314e+02, 2.69530670e+02, 2.98530975e+02,
       2.71593689e+02, 3.32305817e+02, 2.74423492e+02, 3.66437042e+02,
       2.76321228e+02, 4.02363892e+02, 2.78812500e+02, 4.38686493e+02,
       2.81544769e+02, 4.75368439e+02, 2.86383942e+02, 2.06116806e+02,
       2.97044617e+02, 2.36958603e+02, 2.99768433e+02, 2.68058563e+02,
       3.02611847e+02, 3.00413757e+02, 3.05602386e+02, 3.33223755e+02,
       3.08612579e+02, 3.66709473e+02, 3.11803131e+02, 4.01326385e+02,
       3.15222473e+02, 4.36952484e+02, 3.18689026e+02, 4.73455566e+02,
       3.22362854e+02, 1.83105576e+02, 1.28372437e+02, 2.14401596e+02,
       1.28881500e+02, 2.46680847e+02, 1.29429886e+02, 2.80386475e+02,
       1.30021774e+02, 3.15064209e+02, 1.30487076e+02, 3.50665710e+02,
       1.30960220e+02, 3.88098206e+02, 1.31413528e+02, 4.27302155e+02,
       1.31635406e+02, 4.67879974e+02, 1.32151962e+02, 1.78644928e+02,
       1.62796890e+02, 2.10400253e+02, 1.63976608e+02, 2.42653732e+02,
       1.65306763e+02, 2.76233795e+02, 1.66398621e+02, 3.10853027e+02,
       1.67624954e+02, 3.46519836e+02, 1.68839661e+02, 3.83763214e+02,
       1.69994080e+02, 4.22827423e+02, 1.71390778e+02, 4.63196503e+02,
       1.72463913e+02, 1.76730728e+02, 1.97748795e+02, 2.08640869e+02,
       1.99535980e+02, 2.40757584e+02, 2.01198105e+02, 2.74352997e+02,
       2.03165680e+02, 3.08767883e+02, 2.04816895e+02, 3.44327881e+02,
       2.06704483e+02, 3.81397949e+02, 2.08812149e+02, 4.20099365e+02,
       2.10639359e+02, 4.60309204e+02, 2.12767197e+02, 1.75332657e+02,
       2.32592773e+02, 2.06786026e+02, 2.34878494e+02, 2.38787537e+02,
       2.37182816e+02, 2.72269653e+02, 2.39457733e+02, 3.06649323e+02,
       2.41838562e+02, 3.42033783e+02, 2.44492294e+02, 3.78935303e+02,
       2.47186340e+02, 4.17417114e+02, 2.49991455e+02, 4.57432983e+02,
       2.52810822e+02, 1.73196274e+02, 2.67205109e+02, 2.04326843e+02,
       2.68876831e+02, 2.35766830e+02, 2.71613464e+02, 2.69053558e+02,
       2.74453613e+02, 3.03303925e+02, 2.77583252e+02, 3.38765594e+02,
       2.80972107e+02, 3.75503448e+02, 2.84391479e+02, 4.13817963e+02,
