%YAML:1.0
calibration_time: "Fri 03 Apr 2015 03:25:34 PM CDT"
image_width: 640
image_height: 480
board_width: 9
board_height: 6
square_size: 1.
flags: 0
camera_matrix: !!opencv-matrix
   rows: 3
   cols: 3
   dt: d
   data: [ 6.2370894694382741e+02, 0., 3.3159167881125080e+02, 0.,
       6.2221769031672159e+02, 2.3445542763000438e+02, 0., 0., 1. ]
distortion_coefficients: !!opencv-matrix
   rows: 5
   cols: 1
   dt: d
   data: [ 1.1471351939793309e-01, -1.3280378284638259e+00,
       2.2517269903420192e-03, 9.8036307964522347e-03,
       8.0861740642777455e+00 ]
avg_reprojection_error: 5.2181448023708443e-01
image_points: !!opencv-matrix
   rows: 10
   cols: 54
   dt: "2f"
   data: [ 2.06142593e+02, 9.15370178e+01, 2.30815247e+02,
       9.25296249e+01, 2.55508865e+02, 9.33218460e+01, 2.80282867e+02,
       9.40617599e+01, 3.04524017e+02, 9.47729187e+01, 3.28398773e+02,
       9.55032883e+01, 3.52518188e+02, 9.62139130e+01, 3.76458038e+02,
       9.67007065e+01, 4.00103729e+02, 9.74100418e+01, 2.06195312e+02,
       1.16716141e+02, 2.30973007e+02, 1.17475555e+02, 2.55367249e+02,
       1.18369492e+02, 2.79893921e+02, 1.18996132e+02, 3.04096558e+02,
       1.19576424e+02, 3.27954865e+02, 1.20226845e+02, 3.51706360e+02,
       1.20701988e+02, 3.75493530e+02, 1.21448166e+02, 3.99057404e+02,
       1.21822800e+02, 2.05434128e+02, 1.40145966e+02, 2.29654892e+02,
       1.40661072e+02, 2.54194305e+02, 1.41190430e+02, 2.78187866e+02,
       1.41671646e+02, 3.02439453e+02, 1.41921768e+02, 3.25743896e+02,
       1.42481598e+02, 3.49745117e+02, 1.42737350e+02, 3.73090546e+02,
       1.43214966e+02, 3.96473694e+02, 1.43490128e+02, 2.04188522e+02,
       1.64679840e+02, 2.28743927e+02, 1.65210205e+02, 2.52887238e+02,
       1.65589737e+02, 2.77306885e+02, 1.65986359e+02, 3.01095825e+02,
       1.66369583e+02, 3.24814880e+02, 1.66734482e+02, 3.48388519e+02,
       1.67056931e+02, 3.71899536e+02, 1.67451706e+02, 3.95058990e+02,
       1.67677536e+02, 2.04287994e+02, 1.88862686e+02, 2.28562653e+02,
       1.89262177e+02, 2.52768768e+02, 1.89538422e+02, 2.76830811e+02,
       1.89781418e+02, 3.00664490e+02, 1.90158493e+02, 3.24125214e+02,
       1.90396774e+02, 3.47677765e+02, 1.90687576e+02, 3.70964691e+02,
       1.90903015e+02, 3.94165466e+02, 1.91237549e+02, 2.04209732e+02,
       2.12796066e+02, 2.28568100e+02, 2.13067932e+02, 2.52437897e+02,
       2.13297867e+02, 2.76529633e+02, 2.13476059e+02, 3.00152161e+02,
       2.13661072e+02, 3.23559784e+02, 2.13897888e+02, 3.46919342e+02,
       2.14110443e+02, 3.70193329e+02, 2.14359909e+02, 3.93251862e+02,
       2.14515961e+02, 2.06258011e+02, 8.87902374e+01, 2.31023712e+02,
       8.86628113e+01, 2.55580566e+02, 8.85515289e+01, 2.80434052e+02,
       8.83947525e+01, 3.04672760e+02, 8.82387772e+01, 3.28637787e+02,
       8.79228592e+01, 3.53054291e+02, 8.76994781e+01, 3.76950256e+02,
       8.74506226e+01, 4.00688538e+02, 8.72152023e+01, 2.07350998e+02,
       1.14136406e+02, 2.32051407e+02, 1.13939034e+02, 2.56399200e+02,
       1.13705719e+02, 2.81077484e+02, 1.13540634e+02, 3.05148834e+02,
       1.13299080e+02, 3.29283539e+02, 1.12949532e+02, 3.53291412e+02,
       1.12603073e+02, 3.77068176e+02, 1.12311203e+02, 4.00563690e+02,
       1.11727249e+02, 2.08471405e+02, 1.39084534e+02, 2.32757492e+02,
       1.38787750e+02, 2.57372162e+02, 1.38531052e+02, 2.81526611e+02,
       1.38223816e+02, 3.05555176e+02, 1.37736237e+02, 3.29494720e+02,
       1.37419449e+02, 3.53485291e+02, 1.37105225e+02, 3.77064697e+02,
       1.36674728e+02, 4.00537781e+02, 1.36359955e+02, 2.09365982e+02,
       1.63615250e+02, 2.33846619e+02, 1.63371017e+02, 2.57998138e+02,
       1.63006256e+02, 2.82275116e+02, 1.62665466e+02, 3.06214996e+02,
       1.62289978e+02, 3.29838379e+02, 1.61747345e+02, 3.53506836e+02,
       1.61328949e+02, 3.77192505e+02, 1.60738586e+02, 4.00448578e+02,
       1.60374054e+02, 2.10546921e+02, 1.88023621e+02, 2.34689667e+02,
       1.87514084e+02, 2.58662109e+02, 1.87115646e+02, 2.82709534e+02,
       1.86546265e+02, 3.06668396e+02, 1.86234467e+02, 3.30253143e+02,
       1.85675507e+02, 3.53697906e+02, 1.85326859e+02, 3.77169556e+02,
       1.84586807e+02, 4.00487854e+02, 1.84160934e+02, 2.11199493e+02,
       2.11889481e+02, 2.35292358e+02, 2.11511246e+02, 2.59123749e+02,
       2.10738251e+02, 2.83280396e+02, 2.10275436e+02, 3.06762024e+02,
       2.09643982e+02, 3.30351196e+02, 2.09320755e+02, 3.53649048e+02,
       2.08697098e+02, 3.77077301e+02, 2.08220535e+02, 4.00302002e+02,
       2.07419571e+02, 1.77340637e+02, 1.31887558e+02, 2.05426987e+02,
       1.35019440e+02, 2.31051559e+02, 1.37795975e+02, 2.54868561e+02,
       1.41164612e+02, 2.76642365e+02, 1.43449509e+02, 2.96683838e+02,
       1.45559326e+02, 3.15559540e+02, 1.47704346e+02, 3.32685883e+02,
       1.49397919e+02, 3.48526276e+02, 1.51098602e+02, 1.77646027e+02,
       1.68709991e+02, 2.05236862e+02, 1.70296036e+02, 2.30622696e+02,
       1.71598618e+02, 2.54690414e+02, 1.72809509e+02, 2.76116516e+02,
       1.73994598e+02, 2.96304016e+02, 1.75006027e+02, 3.14870544e+02,
       1.75883682e+02, 3.32027710e+02, 1.76938889e+02, 3.48182709e+02,
       1.77593430e+02, 1.78190521e+02, 2.04409348e+02, 2.04830582e+02,
       2.04350754e+02, 2.30507217e+02, 2.04322144e+02, 2.54041595e+02,
       2.04256775e+02, 2.75623627e+02, 2.04196136e+02, 2.95541870e+02,
       2.04102539e+02, 3.14274780e+02, 2.04029343e+02, 3.31340302e+02,
       2.03851273e+02, 3.47536865e+02, 2.03793488e+02, 1.77406021e+02,
       2.39944794e+02, 2.04726562e+02, 2.38364136e+02, 2.30058533e+02,
       2.36784012e+02, 2.53844955e+02, 2.35530228e+02, 2.75231537e+02,
       2.34262299e+02, 2.95253784e+02, 2.33012222e+02, 3.13524689e+02,
       2.32046967e+02, 3.30823517e+02, 2.30847214e+02, 3.46941742e+02,
       2.29978424e+02, 1.77355331e+02, 2.75746857e+02, 2.04434082e+02,
       2.71854797e+02, 2.29752228e+02, 2.69210693e+02, 2.52957443e+02,
       2.66472198e+02, 2.74526398e+02, 2.64149658e+02, 2.94258728e+02,
       2.61652283e+02, 3.12965607e+02, 2.59533356e+02, 3.30243652e+02,
       2.57711121e+02, 3.46380127e+02, 2.55878021e+02, 1.76708557e+02,
       3.10561340e+02, 2.04189087e+02, 3.05827850e+02, 2.29393723e+02,
       3.01736053e+02, 2.52822601e+02, 2.97750488e+02, 2.74367401e+02,
       2.94186523e+02, 2.94100952e+02, 2.90837555e+02, 3.12748627e+02,
       2.87802277e+02, 3.30119934e+02, 2.84914398e+02, 3.46375092e+02,
       2.82353088e+02, 1.74176117e+02, 1.20259659e+02, 2.02580750e+02,
       1.23462082e+02, 2.28650421e+02, 1.26448296e+02, 2.52675644e+02,
       1.29060135e+02, 2.75001556e+02, 1.31557587e+02, 2.95402405e+02,
       1.33824371e+02, 3.14227814e+02, 1.36020309e+02, 3.31520172e+02,
       1.37709488e+02, 3.47933777e+02, 1.39673981e+02, 1.74442932e+02,
       1.56763641e+02, 2.02476547e+02, 1.58357544e+02, 2.28361282e+02,
       1.59824936e+02, 2.52592163e+02, 1.61184082e+02, 2.74485748e+02,
       1.62473267e+02, 2.94852814e+02, 1.63469025e+02, 3.13627625e+02,
       1.64500275e+02, 3.31103790e+02, 1.65552231e+02, 3.47501770e+02,
       1.66274368e+02, 1.75175690e+02, 1.92703857e+02, 2.02346100e+02,
       1.92696976e+02, 2.28365570e+02, 1.92725876e+02, 2.52222092e+02,
       1.92701767e+02, 2.74027771e+02, 1.92706909e+02, 2.94177704e+02,
       1.92685486e+02, 3.13260956e+02, 1.92682800e+02, 3.30523529e+02,
       1.92639175e+02, 3.46682556e+02, 1.92618225e+02, 1.74502136e+02,
       2.28586914e+02, 2.02307617e+02, 2.26949493e+02, 2.27928864e+02,
       2.25624512e+02, 2.52189301e+02, 2.24274872e+02, 2.73542206e+02,
       2.23119965e+02, 2.93695862e+02, 2.21823120e+02, 3.12618622e+02,
       2.20866501e+02, 3.30162537e+02, 2.19961609e+02, 3.46242920e+02,
       2.18892471e+02, 1.74478043e+02, 2.63770264e+02, 2.02261246e+02,
       2.59506531e+02, 2.28299316e+02, 2.57323303e+02, 2.51896881e+02,
       2.54153214e+02, 2.73529327e+02, 2.51816223e+02, 2.93567505e+02,
       2.49610199e+02, 3.12671173e+02, 2.47477417e+02, 3.30002716e+02,
